-- Entrada 1 (puzzle 01 de https://www.janko.at/Raetsel/Kojun/)

matrizNumerosInicial = [[2,0,0,0,1,0],
                        [0,0,0,3,0,0],
                        [0,3,0,0,5,3],
                        [0,0,0,0,0,0],
                        [0,0,3,0,4,2],
                        [0,0,0,0,0,0]]

matrizRegioes = [[0 ,0 ,1 ,1 ,1 ,2],
                 [3 ,3 ,3 ,3 ,3 ,2],
                 [4 ,5 ,5 ,5 ,3 ,6],
                 [4 ,4 ,4 ,5 ,6 ,6],
                 [7 ,7 ,8 ,9 ,9 ,9],
                 [10,10,8 ,8 ,9 ,9]]



-- Entrada 2 (puzzle 15 de https://www.janko.at/Raetsel/Kojun/)

matrizNumerosInicial = [[0, 4, 3, 0, 2, 5, 0, 0, 0, 0],
                        [0, 2, 0, 0, 0, 4, 2, 0, 3, 0],
                        [0, 0, 0, 1, 4, 0, 0, 1, 0, 0],
                        [5, 6, 0, 2, 3, 0, 5, 0, 0, 0],
                        [0, 3, 5, 0, 0, 0, 3, 0, 0, 0],
                        [0, 0, 0, 7, 0, 7, 0, 5, 0, 4],
                        [0, 0, 5, 3, 0, 2, 0, 4, 0, 0],
                        [0, 0, 1, 5, 0, 0, 0, 5, 3, 0],
                        [1, 3, 7, 0, 0, 0, 6, 0, 0, 5],
                        [2, 1, 0, 0, 3, 0, 1, 0, 3, 4]]

matrizRegioes = [[0 , 1 , 1 , 1 , 1 , 1 , 2 , 3 , 4 , 4 ],
                 [0 , 0 , 1 , 1 , 2 , 2 , 2 , 3 , 3 , 5 ],
                 [0 , 0 , 6 , 6 , 6 , 7 , 8 , 3 , 3 , 5 ],
                 [6 , 6 , 6 , 12, 12, 7 , 8 , 9 , 10, 11],
                 [6 , 13, 13, 12, 14, 7 , 8 , 9 , 10, 11],
                 [13, 13, 14, 14, 14, 15, 8 , 10, 10, 10],
                 [13, 13, 14, 14, 15, 15, 8 , 8 , 8 , 16],
                 [17, 17, 14, 18, 15, 15, 15, 15, 16, 16],
                 [17, 17, 18, 18, 18, 18, 18, 16, 16, 16],
                 [19, 19, 19, 19, 18, 20, 20, 20, 20, 16]]



-- Entrada 3 (puzzle 110 de https://www.janko.at/Raetsel/Kojun/)

matrizNumerosInicial = [[0, 0, 3, 0, 2, 0, 3, 0, 0, 0, 7, 0, 0, 5, 0, 3, 6], 
                        [0, 0, 0, 0, 0, 2, 0, 6, 0, 2, 0, 0, 3, 0, 0, 2, 0], 
                        [0, 2, 0, 0, 0, 0, 0, 0, 4, 0, 5, 1, 0, 2, 0, 0, 0], 
                        [3, 0, 7, 0, 0, 5, 0, 0, 0, 0, 0, 7, 4, 0, 2, 0, 0], 
                        [2, 1, 0, 2, 0, 0, 0, 3, 0, 5, 0, 0, 6, 0, 0, 0, 1], 
                        [0, 3, 4, 0, 0, 0, 3, 0, 0, 0, 3, 0, 5, 0, 0, 0, 3], 
                        [3, 1, 0, 0, 0, 0, 0, 4, 0, 0, 0, 0, 0, 0, 0, 0, 0], 
                        [0, 7, 0, 5, 2, 6, 0, 0, 0, 0, 1, 0, 1, 0, 2, 0, 6], 
                        [0, 0, 5, 0, 0, 2, 0, 5, 0, 5, 0, 7, 0, 3, 0, 4, 0], 
                        [0, 0, 0, 0, 7, 0, 3, 0, 2, 3, 0, 0, 4, 0, 0, 3, 1], 
                        [5, 0, 3, 0, 5, 0, 6, 0, 0, 4, 0, 4, 0, 3, 0, 0, 0], 
                        [0, 0, 0, 6, 0, 0, 0, 0, 4, 0, 5, 0, 0, 2, 0, 2, 0], 
                        [0, 0, 0, 0, 2, 0, 0, 2, 0, 0, 0, 1, 0, 0, 4, 0, 5], 
                        [0, 6, 3, 4, 0, 4, 5, 0, 6, 2, 0, 0, 1, 4, 0, 3, 0], 
                        [0, 2, 0, 0, 0, 0, 3, 0, 4, 0, 3, 0, 6, 0, 0, 0, 0], 
                        [0, 0, 4, 0, 0, 0, 0, 0, 0, 0, 0, 0, 0, 0, 0, 3, 0], 
                        [6, 2, 0, 0, 1, 3, 1, 7, 1, 2, 0, 4, 0, 4, 1, 0, 6]]

matrizRegioes = [[0 , 1 , 1 , 1 , 1 , 2 , 3 , 4 , 4 , 5 , 6 , 6 , 7 , 7 , 8 , 9 , 9 ],
                 [10, 11, 11, 12, 3 , 3 , 3 , 13, 13, 13, 6 , 6 , 6 , 7 , 7 , 9 , 9 ],
                 [10, 10, 12, 12, 14, 14, 14, 13, 13, 13, 6 , 6 , 7 , 7 , 9 , 9 , 9 ],
                 [15, 15, 16, 16, 16, 14, 14, 17, 17, 18, 18, 18, 18, 19, 19, 20, 20],
                 [15, 15, 16, 16, 21, 22, 14, 17, 17, 18, 23, 24, 19, 19, 25, 26, 20],
                 [27, 28, 16, 16, 21, 22, 22, 22, 18, 18, 23, 19, 19, 25, 25, 26, 26],
                 [29, 28, 28, 29, 21, 30, 30, 22, 31, 23, 23, 32, 19, 25, 25, 33, 34],
                 [29, 29, 29, 29, 29, 35, 30, 30, 31, 23, 23, 32, 32, 25, 33, 33, 36],
                 [37, 38, 38, 38, 35, 35, 35, 30, 31, 39, 39, 39, 40, 40, 33, 36, 36],
                 [37, 37, 38, 41, 41, 35, 35, 30, 43, 39, 39, 39, 44, 40, 36, 36, 36],
                 [37, 37, 38, 41, 41, 41, 42, 43, 43, 43, 45, 39, 44, 44, 44, 44, 46],
                 [37, 37, 38, 38, 47, 41, 42, 42, 48, 48, 45, 45, 45, 44, 49, 46, 46],
                 [50, 51, 51, 52, 47, 41, 42, 42, 54, 48, 48, 45, 45, 49, 49, 49, 49],
                 [50, 50, 51, 52, 47, 47, 53, 42, 55, 48, 48, 56, 57, 57, 49, 58, 58],
                 [50, 50, 51, 52, 52, 53, 53, 59, 55, 55, 56, 56, 56, 57, 60, 58, 58],
                 [50, 50, 61, 61, 52, 53, 53, 59, 55, 55, 56, 62, 62, 57, 60, 60, 63],
                 [61, 61, 61, 61, 52, 52, 53, 53, 55, 55, 56, 56, 62, 60, 60, 60, 60]]
