-- Entrada 1

matrizNumerosInicial = [[2,0,0,0,1,0],
                        [0,0,0,3,0,0],
                        [0,3,0,0,5,3],
                        [0,0,0,0,0,0],
                        [0,0,3,0,4,2],
                        [0,0,0,0,0,0]]

matrizRegioes = [[0 ,0 ,1 ,1 ,1 ,2],
                 [3 ,3 ,3 ,3 ,3 ,2],
                 [4 ,5 ,5 ,5 ,3 ,6],
                 [4 ,4 ,4 ,5 ,6 ,6],
                 [7 ,7 ,8 ,9 ,9 ,9],
                 [10,10,8 ,8 ,9 ,9]]



-- Entrada 2

matrizNumerosInicial = [[0, 4, 3, 0, 2, 5, 0, 0, 0, 0],
                        [0, 2, 0, 0, 0, 4, 2, 0, 3, 0],
                        [0, 0, 0, 1, 4, 0, 0, 1, 0, 0],
                        [5, 6, 0, 2, 3, 0, 5, 0, 0, 0],
                        [0, 3, 5, 0, 0, 0, 3, 0, 0, 0],
                        [0, 0, 0, 7, 0, 7, 0, 5, 0, 4],
                        [0, 0, 5, 3, 0, 2, 0, 4, 0, 0],
                        [0, 0, 1, 5, 0, 0, 0, 5, 3, 0],
                        [1, 3, 7, 0, 0, 0, 6, 0, 0, 5],
                        [2, 1, 0, 0, 3, 0, 1, 0, 3, 4]]

matrizRegioes = [[0 , 1 , 1 , 1 , 1 , 1 , 2 , 3 , 4 , 4 ],
                 [0 , 0 , 1 , 1 , 2 , 2 , 2 , 3 , 3 , 5 ],
                 [0 , 0 , 6 , 6 , 6 , 7 , 8 , 3 , 3 , 5 ],
                 [6 , 6 , 6 , 12, 12, 7 , 8 , 9 , 10, 11],
                 [6 , 13, 13, 12, 14, 7 , 8 , 9 , 10, 11],
                 [13, 13, 14, 14, 14, 15, 8 , 10, 10, 10],
                 [13, 13, 14, 14, 15, 15, 8 , 8 , 8 , 16],
                 [17, 17, 14, 18, 15, 15, 15, 15, 16, 16],
                 [17, 17, 18, 18, 18, 18, 18, 16, 16, 16],
                 [19, 19, 19, 19, 18, 20, 20, 20, 20, 16]]
